P1T1	P2T1	P1T2	P2T2	Score1	Score2
163		123		9	5
151		25		8	12
110		149		12	6
4		19		4	5
159		4		1	4
123		53		6	1
54		78		18	16
170		47		17	11
176		176		4	3
151		174		5	13
154		25		10	8
172		66		10	5
66		159		8	6
182		146		7	11
159		101		7	19
174		66		10	7
123		4		13	7
114		19		4	7
114		147		5	6
163		4		18	16
46		69		18	10
182		149		6	14
170		163		8	6
109		69		13	9
47		70		16	18
70		163		7	5
170		99		12	5
28		46		6	13
92		170		8	15
61		92		19	12
159		4		5	9
123		176		16	5
114		137		7	9
54		139		11	9
25		4		3	4
67		99		11	8
25		172		15	6
176		175		5	9
101		174		14	12
174		25		1	7
147		92		7	5
81		114		6	1
159		66		12	16
174		159		8	12
70		147		5	1
67		99		7	8
25		53		20	16
81		127		16	12
191		66		8	4
92		38		0	4
99		38		2	5
61		147		8	1
61		101		3	1
163		25		17	16
25		53		7	4
149		9		7	3
174		182		3	9
47		99		14	8
123		19		7	3
191		147		11	3
19		69		4	13
46		46		17	9
70		69		20	17
139		174		3	1
70		53		1	5
137		172		10	17
146		149		12	20
81		4		20	9
25		114		2	4
46		25		13	7
47		114		8	10
101		109		8	13
163		123		5	0
127		9		4	1
149		109		18	17
70		123		18	12
99		109		14	10
185		25		8	5
28		109		8	17
19		47		11	8
109		19		20	16
147		175		15	10
174		7		3	7
139		19		16	11
28		185		1	3
78		92		3	2
46		70		9	20
140		4		7	6
69		159		6	3
127		67		9	14
137		140		10	4
25		47		20	18
69		175		14	19
19		46		15	16
51		159		15	19
127		123		5	9
53		4		4	5
191		151		10	8
92		110		3	8
170		114		6	8
25		151		6	9
51		137		12	16
70		185		19	18
25		81		14	18
149		174		11	12
163		123		4	2
46		151		17	8
127		151		8	6
185		159		12	10
151		38		2	9
78		170		19	13
170		163		5	7
176		99		12	10
159		147		12	18
51		110		5	18
151		81		8	19
81		147		14	13
78		9		11	5
54		182		4	3
175		182		8	4
70		9		3	1
139		19		5	0
38		127		17	8
92		159		3	2
109		109		10	17
99		70		5	14
191		123		4	3
70		139		3	5
114		137		13	5
149		25		10	18
151		25		12	11
46		146		17	10
67		149		11	17
46		146		5	3
114		175		8	15
159		28		19	15
191		140		13	3
4		53		10	4
123		154		14	15
191		7		7	12
78		61		4	6
159		4		11	19
140		163		18	13
25		175		2	4
151		176		8	9
38		47		11	16
110		4		2	3
46		61		14	10
109		7		16	17
191		38		8	12
114		53		11	12
182		146		3	10
9		70		0	7
28		69		10	14
47		109		9	7
66		149		7	4
139		46		12	8
61		101		13	12
159		92		5	1
25		174		11	17
7		123		3	2
163		172		17	19
51		46		3	16
101		139		5	10
185		174		14	16
101		4		13	9
123		146		6	11
185		147		6	3
182		182		3	0
78		147		15	11
163		67		16	7
78		140		11	10
127		174		12	14
146		92		3	0
101		25		4	2
170		4		7	12
28		137		5	8
163		78		3	2
176		101		15	19
66		81		12	15
69		92		4	9
163		147		19	18
47		70		5	20
185		127		9	4
176		92		18	10
123		176		6	5
149		81		7	16
175		147		7	6
51		46		4	2
137		69		7	3
163		69		7	9
114		38		7	5
182		147		3	5
151		38		9	12
92		78		8	15
185		176		10	5
25		99		11	6
182		99		11	4
114		159		4	3
127		110		19	16
140		185		9	7
149		53		6	16
25		159		15	6
47		66		8	10
109		174		12	18
28		51		2	4
159		53		3	9
110		51		14	12
170		127		8	10
109		175		8	11
78		149		4	5
175		149		6	1
69		28		13	3
154		109		3	4
110		140		19	11
28		174		11	16
123		151		11	13
70		114		2	6
78		110		17	2
185		70		17	16
191		67		14	5
99		99		17	10
174		46		9	17
81		140		5	3
109		92		12	5
191		127		5	1
46		53		7	9
163		67		5	9
174		61		18	19
81		28		20	16
99		110		13	19
78		99		19	17
140		137		8	10
127		28		5	4
175		182		14	11
176		137		13	11
9		99		3	7
139		19		8	1
176		69		3	7
174		170		15	13
28		139		17	12
4		175		0	6
61		67		19	11
25		147		3	1
185		92		16	3
191		140		10	4
46		54		13	12
53		174		14	11
81		159		3	1
78		38		6	15
92		54		13	15
146		7		3	7
140		170		3	4
101		110		3	7
123		123		16	20
81		28		8	6
151		78		2	5
78		170		15	2
159		114		4	7
46		170		5	4
69		54		11	5
81		139		1	5
176		25		4	8
149		174		5	3
163		110		6	8
123		19		10	16
28		140		11	12
19		54		1	5
123		114		5	4
46		191		13	9
67		81		4	5
38		38		12	8
51		175		4	9
38		185		5	8
54		92		12	9
19		19		11	4
163		149		14	11
38		101		11	14
53		67		13	5
151		147		7	3
28		151		11	10
175		146		11	14
67		25		6	14
92		110		2	4
137		19		2	7
139		92		18	10
46		146		13	7
47		176		10	15
114		151		13	11
147		172		10	7
54		54		20	16
123		66		4	2
191		7		6	7
172		182		9	4
19		53		7	18
53		51		6	4
175		81		5	1
182		170		8	13
174		51		10	6
109		7		9	15
54		7		6	11
4		99		13	6
174		176		5	0
147		53		9	12
4		159		8	7
185		53		2	6
69		175		1	13
9		47		11	17
51		139		0	3
19		182		7	6
51		78		1	6
70		92		16	6
176		66		17	19
81		61		3	4
4		182		2	6
114		163		11	15
54		176		9	8
101		81		1	3
123		61		15	14
139		25		5	3
69		9		10	7
185		28		19	6
151		51		18	5
109		4		1	9
78		170		16	15
81		191		12	4
61		174		19	11
127		159		1	4
139		19		9	3
176		70		14	20
170		151		14	8
28		101		10	12
140		28		16	12
127		70		1	5
123		159		6	2
46		191		8	6
47		185		18	19
61		140		5	10
154		9		9	1
170		54		8	18
46		7		9	2
61		174		8	4
110		146		16	19
81		176		12	9
53		66		6	8
159		174		12	19
172		175		7	18
51		146		5	6
101		101		8	7
191		28		16	7
47		9		18	6
9		101		2	6
70		175		3	11
151		99		6	8
92		154		5	6
19		182		4	1
28		151		2	6
191		54		11	15
175		69		16	7
123		140		7	11
149		38		10	16
19		51		7	6
109		185		1	9
81		53		9	15
175		53		15	16
149		191		7	9
19		78		2	6
66		99		13	6
46		25		3	2
127		127		3	2
137		174		7	12
70		110		11	5
170		38		9	10
159		123		11	2
61		9		17	6
53		127		10	3
67		176		8	5
140		151		1	7
140		81		11	13
139		53		10	8
110		70		3	1
114		61		8	13
78		139		12	15
69		191		12	15
53		47		2	5
123		69		5	4
174		147		11	17
67		109		3	7
4		66		6	2
154		154		8	7
139		191		11	2
4		53		3	6
172		38		7	18
25		172		14	8
70		54		4	1
61		146		7	6
70		54		14	17
191		185		4	1
67		28		1	6
53		47		16	14
151		175		6	15
7		28		14	11
4		101		9	7
61		67		7	5
176		101		4	5
137		109		13	11
176		170		1	5
147		81		18	15
51		147		2	5
170		114		10	8
151		176		8	15
172		146		13	19
109		70		3	7
101		127		11	8
109		28		3	0
140		127		15	14
70		92		12	2
191		123		9	3
92		92		14	17
146		151		7	8
163		127		5	2
176		147		2	4
46		127		19	5
137		174		3	7
28		67		4	7
19		101		4	6
139		114		5	7
81		175		18	20
175		101		8	5
78		61		4	7
47		46		15	9
66		19		3	1
174		19		17	9
154		92		8	9
154		149		17	15
69		174		3	8
139		154		4	0
92		175		10	19
185		81		14	10
19		185		7	6
185		47		13	19
127		101		2	7
101		109		16	11
28		176		8	19
185		151		8	10
114		163		13	14
127		172		16	20
53		123		2	4
123		47		16	10
110		147		2	4
92		149		13	16
4		92		6	2
47		38		6	2
47		101		1	4
81		137		7	1
19		69		17	19
174		53		13	12
146		185		2	5
61		127		15	14
182		38		12	16
137		92		2	3
69		175		6	7
191		101		2	9
140		191		4	8
4		172		12	13
9		28		13	11
176		114		9	10
149		110		1	5
38		53		20	18
38		170		1	5
51		109		11	14
176		67		7	10
54		38		5	9
159		149		6	8
47		25		4	1
99		176		15	10
28		170		1	3
99		67		17	7
137		61		20	16
9		28		9	4
127		19		11	10
9		139		3	14
110		176		7	5
70		81		9	7
92		46		3	5
146		174		7	6
174		61		7	11
109		78		10	13
147		109		5	7
140		110		15	10
154		163		15	7
139		146		20	6
159		176		6	8
51		92		12	9
174		47		3	6
4		114		19	17
78		151		3	0
78		123		12	8
137		53		8	7
140		28		11	6
99		46		3	11
81		101		4	7
114		25		1	4
151		149		7	8
61		19		14	16
7		67		13	11
149		109		12	8
67		110		7	15
139		53		18	11
51		170		8	18
109		175		4	12
99		110		4	5
174		154		5	1
146		4		6	7
78		25		6	4
25		53		3	0
28		147		9	10
54		19		9	6
137		146		7	11
38		110		20	16
28		147		0	3
67		151		6	8
140		114		4	3
101		159		8	2
185		28		11	7
47		154		14	10
7		182		3	2
78		4		8	5
146		28		16	7
154		51		12	3
67		4		11	12
69		114		13	6
25		7		6	4
67		101		2	8
191		9		18	10
4		163		5	6
185		146		15	11
4		174		3	5
25		139		8	16
92		25		5	11
81		176		20	8
182		151		5	15
66		101		10	5
7		81		5	2
7		137		7	6
9		146		12	15
25		92		4	5
46		51		16	8
182		61		2	5
151		7		6	14
182		163		3	2
185		69		16	7
99		7		4	6
149		81		5	18
191		99		15	12
182		28		2	5
127		172		12	14
7		127		3	1
176		151		8	17
182		46		7	12
78		9		14	4
38		92		15	8
185		28		11	3
175		92		10	9
25		4		19	15
70		182		13	6
9		61		6	15
140		149		7	3
159		67		1	4
19		191		12	10
19		61		3	10
70		182		14	9
67		147		9	13
109		47		18	10
163		51		11	3
191		163		6	3
54		146		19	11
159		92		8	7
151		185		3	4
146		69		5	8
25		110		8	6
149		170		2	4
78		66		16	12
25		38		15	18
175		172		15	10
38		38		1	5
175		151		10	9
19		51		15	6
191		154		7	13
4		69		14	11
101		147		4	9
159		140		8	14
54		163		13	5
101		4		8	5
137		110		3	4
151		185		1	5
67		114		3	6
151		191		6	4
99		149		6	5
151		114		20	16
174		149		18	19
114		139		5	4
4		159		17	7
114		19		20	16
7		54		14	15
175		51		9	1
109		154		18	15
149		137		7	9
175		92		5	2
54		53		7	10
137		110		5	8
114		99		8	2
159		92		15	19
99		66		6	17
170		123		18	7
70		53		6	5
46		46		5	9
92		127		10	16
101		154		12	4
163		182		3	0
110		185		10	14
170		4		10	6
109		46		2	6
174		191		9	6
66		123		8	16
101		101		18	15
78		176		11	9
109		127		4	6
146		78		5	12
46		28		18	5
70		176		3	4
7		176		12	11
185		139		13	9
176		54		14	10
137		54		13	20
176		101		5	4
101		53		20	16
163		46		10	7
99		154		6	12
114		154		17	18
78		114		14	4
182		92		19	18
185		47		14	7
67		185		6	10
185		38		18	12
19		81		11	14
182		61		8	10
53		9		14	6
149		51		19	6
47		28		9	2
154		149		14	19
146		7		14	19
154		69		19	17
99		61		0	4
92		101		0	3
28		46		0	5
137		4		4	9
137		127		3	0
109		19		7	11
146		66		7	8
25		19		0	4
28		170		7	4
7		51		17	6
61		123		18	19
19		38		9	7
54		101		8	2
46		25		8	6
185		114		8	4
151		146		10	16
114		66		4	1
47		127		19	8
70		176		8	7
99		53		3	6
9		9		16	5
110		81		2	3
137		137		10	3
123		25		18	20
182		109		7	19
146		28		7	8
185		61		2	9
149		154		16	18
114		109		3	2
139		170		12	10
174		4		1	3
176		185		17	15
146		54		6	10
99		61		7	11
140		78		3	2
81		109		5	0
127		149		14	8
51		51		18	19
92		170		5	3
185		175		9	7
127		101		5	11
19		25		5	3
78		110		4	6
53		109		9	11
61		123		6	2
114		66		4	9
182		175		9	17
137		174		13	18
67		163		15	16
101		139		15	20
53		139		0	6
99		109		11	20
151		163		9	14
25		163		5	2
66		175		1	3
92		170		9	18
101		137		18	10
61		4		17	18
174		163		19	10
66		7		10	17
69		149		16	10
92		149		4	6
151		137		6	9
25		81		13	19
151		9		13	6
163		146		9	1
67		185		14	17
46		78		5	7
81		61		18	13
182		28		8	9
54		146		15	17
25		46		16	18
28		137		11	9
182		25		5	1
38		151		6	1
176		69		13	15
191		9		19	11
9		9		5	12
51		7		2	8
78		149		11	10
163		19		12	11
101		176		6	2
182		149		14	17
4		172		16	13
46		139		9	7
51		182		3	7
81		66		16	9
66		28		5	4
51		163		5	8
81		7		13	9
176		4		15	11
175		123		16	15
81		38		18	11
163		67		6	7
175		185		5	4
4		19		15	11
176		92		17	20
185		139		2	4
163		25		6	14
66		19		19	13
70		146		4	3
149		163		6	2
38		101		3	10
4		47		4	8
114		185		8	10
139		47		14	12
51		7		3	9
92		123		6	14
147		110		10	16
159		28		12	10
149		139		16	20
110		172		3	1
182		172		16	10
185		7		1	3
61		110		9	5
4		110		13	16
67		70		10	9
191		172		14	8
174		99		3	1
81		114		6	11
25		114		5	4
19		176		6	1
101		81		16	12
53		38		15	9
149		182		12	13
109		110		16	19
38		69		3	0
53		146		8	5
174		4		16	10
53		69		0	4
101		46		5	6
69		53		10	7
101		99		6	4
191		66		13	12
61		4		19	7
78		109		9	8
146		147		11	12
109		51		18	14
101		149		20	14
61		146		7	4
78		4		7	10
61		99		17	6
163		175		9	14
47		182		8	10
191		172		3	1
51		114		9	12
139		51		20	9
172		78		2	7
66		61		7	10
69		25		18	15
176		7		6	14
47		78		4	7
28		174		1	6
176		7		9	12
182		147		6	16
92		66		5	12
69		109		9	12
69		69		0	3
53		114		15	6
163		46		4	10
70		101		1	6
25		47		14	13
78		140		9	10
175		174		3	2
109		182		3	5
101		137		20	11
19		46		5	9
149		151		6	7
81		67		12	8
66		69		17	9
175		81		13	20
172		101		0	4
170		146		11	6
19		61		8	10
78		38		11	9
46		127		16	7
92		70		1	3
109		123		2	6
114		69		14	9
38		25		9	7
185		146		12	11
69		19		9	10
61		170		17	11
127		191		10	15
46		70		16	15
191		159		5	3
172		69		2	5
66		127		14	7
175		137		6	15
46		159		2	5
170		66		15	5
78		109		20	17
172		175		8	15
159		146		3	12
61		175		16	20
163		172		16	20
19		185		6	8
99		123		3	5
101		28		16	8
81		25		1	10
185		151		4	1
191		149		5	2
54		139		15	16
149		154		10	12
70		146		18	15
154		47		4	6
163		174		13	14
114		147		14	17
47		127		4	1
9		172		4	17
66		46		11	20
172		146		18	14
146		47		7	2
28		185		16	12
81		54		2	4
28		175		5	3
175		191		17	11
53		67		15	11
175		38		8	6
127		70		9	12
92		46		4	18
182		172		9	20
123		114		16	15
127		81		10	19
70		25		13	16
163		38		2	4
9		149		7	6
147		176		5	7
61		174		9	2
92		81		1	5
176		123		8	18
19		4		15	11
123		175		5	6
172		191		2	5
185		70		7	4
127		146		14	13
191		92		2	7
47		69		15	20
109		70		7	14
140		25		16	8
163		69		16	17
174		172		3	8
4		191		9	7
151		99		19	8
137		147		11	17
139		147		2	4
110		92		3	1
61		19		17	13
137		109		8	12
139		81		9	13
70		78		12	13
9		185		12	18
163		159		16	19
46		137		14	7
47		69		5	1
69		149		4	2
154		19		8	6
51		99		8	16
28		92		0	3
70		7		15	14
139		99		10	5
147		174		10	7
175		159		3	7
101		174		3	4
170		163		14	19
170		101		4	14
53		139		7	5
139		46		17	8
19		9		19	9
127		174		12	9
110		38		13	9
69		146		9	6
151		51		4	6
182		172		9	10
81		191		3	5
110		114		13	11
140		170		3	1
174		110		5	10
127		47		12	19
53		154		18	20
185		175		6	9
110		170		16	19
66		163		19	14
191		70		5	6
99		70		11	14
25		147		17	20
69		61		7	10
101		25		13	9
114		81		12	15
9		53		0	5
159		66		4	1
109		127		3	5
147		47		14	10
47		140		13	16
28		28		13	14
146		154		4	1
123		176		13	7
66		174		8	17
53		66		19	8
78		170		16	15
54		151		3	0
127		174		9	16
182		159		4	7
170		149		8	7
147		99		11	8
101		70		0	3
70		172		4	3
9		67		1	5
78		137		5	4
46		25		13	11
99		4		9	10
163		19		19	20
38		175		8	11
147		174		19	12
110		140		3	0
110		67		15	10
69		140		7	18
154		123		12	20
7		92		12	4
54		175		10	5
159		146		11	14
154		182		17	8
137		99		10	17
25		137		10	6
53		174		11	7
53		163		17	13
151		147		4	8
109		149		2	3
149		53		6	7
101		172		8	9
147		67		13	8
78		139		14	19
175		137		19	20
61		25		17	5
151		170		2	4
109		101		17	19
146		69		6	14
174		149		17	11
147		69		13	20
140		109		8	6
139		47		7	9
151		67		14	8
176		46		4	12
191		7		5	11
19		163		16	19
174		175		12	17
28		174		6	4
114		7		3	0
67		139		3	4
114		176		7	6
163		159		20	17
172		70		9	19
123		4		15	8
67		182		10	5
172		61		2	4
182		70		11	18
19		149		3	5
110		172		5	1
139		110		15	10
114		7		14	13
78		147		11	12
99		140		14	16
19		109		4	3
61		7		18	6
19		7		20	17
67		9		15	13
163		172		9	6
185		123		9	10
47		70		18	14
151		159		11	14
114		92		20	7
81		61		20	16
109		176		12	6
172		81		1	4
127		170		12	17
81		109		11	6
109		61		5	6
51		54		3	2
67		123		5	10
140		147		8	13
47		101		14	15
146		109		3	6
78		53		6	5
172		38		5	8
99		69		19	16
54		67		5	4
7		114		17	19
185		110		10	18
19		69		16	13
66		53		13	11
4		81		8	15
170		47		0	3
66		139		9	18
61		127		8	2
170		92		7	8
151		61		20	19
110		170		6	4
140		78		3	5
170		175		7	14
139		54		10	9
38		123		5	13
7		4		2	6
7		78		8	12
146		127		19	16
81		146		6	4
137		172		9	10
51		146		11	19
172		140		6	13
175		67		5	3
46		146		11	2
175		99		12	3
191		114		14	13
174		99		19	16
114		7		4	14
154		92		17	13
4		137		11	10
182		174		5	12
69		67		8	7
146		109		19	17
70		53		11	7
54		66		15	14
170		4		9	8
154		66		4	6
51		19		5	6
123		46		6	2
101		7		20	10
185		140		13	14
9		182		19	18
191		137		9	8
61		172		19	8
81		163		19	13
139		81		7	2
191		69		5	1
19		53		11	16
7		154		18	6
9		70		3	16
7		78		7	2
101		175		15	11
46		101		15	19
137		146		8	16
109		170		20	19
149		81		10	20
78		70		2	11
139		146		10	7
114		51		5	6
127		176		9	10
163		78		6	10
149		163		10	3
185		163		11	8
99		28		15	19
139		175		18	19
7		54		3	2
81		123		9	2
25		28		15	8
101		137		14	9
101		139		11	15
51		101		12	17
182		78		15	19
19		170		2	14
123		66		1	3
7		185		12	13
4		46		13	20
99		54		8	6
182		54		9	18
81		61		17	19
182		38		2	3
163		151		19	15
61		54		2	8
163		114		8	2
147		175		8	7
137		154		6	4
78		159		9	4
110		51		6	10
28		99		5	4
140		123		3	2
46		146		7	3
151		61		6	13
185		46		2	6
191		114		20	16
175		78		2	5
92		172		5	6
140		110		3	4
163		67		4	5
163		66		11	13
159		170		11	15
54		66		17	11
149		67		8	5
170		78		1	8
69		46		1	4
67		175		14	19
47		99		6	1
92		123		7	13
191		67		16	7
109		127		14	13
67		66		14	18
51		114		3	6
25		191		16	14
139		172		13	2
38		140		8	12
19		4		20	10
139		110		16	8
159		176		12	15
38		38		20	18
54		140		8	12
123		19		9	8
28		69		1	3
54		67		10	7
170		163		15	11
147		46		5	3
170		51		15	5
176		70		4	11
114		109		8	13
54		66		6	2
46		9		20	3
110		4		16	8
67		159		8	3
170		81		1	4
139		151		11	6
182		7		3	18
110		147		1	4
149		25		12	16
19		140		1	4
4		53		11	8
51		92		17	14
159		147		14	17
7		92		16	8
99		28		15	12
191		175		11	19
66		163		3	8
114		51		10	11
154		159		8	7
172		81		8	14
7		53		14	16
139		7		13	11
172		38		14	16
176		151		3	0
146		66		12	14
92		69		10	16
140		61		1	10
54		7		8	3
38		163		7	5
137		174		10	17
54		163		20	13
191		185		7	12
61		159		14	5
101		176		7	8
70		53		7	4
151		53		1	3
81		92		17	10
4		19		6	5
7		114		5	6
109		38		4	0
147		137		8	13
170		137		20	11
149		182		7	1
146		38		9	11
54		28		13	6
182		109		11	15
170		67		14	2
9		175		5	18
137		67		1	3
170		182		16	9
147		78		7	5
61		163		15	7
185		47		13	11
47		185		16	5
25		78		7	5
191		51		5	4
99		46		6	9
61		25		7	3
101		70		16	15
176		81		5	3
19		175		9	14
46		172		5	2
38		149		5	1
182		38		0	4
51		154		15	18
146		182		15	6
172		25		10	20
175		7		12	11
19		185		5	11
159		53		6	15
185		191		11	6
176		38		7	16
69		154		6	3
19		28		9	13
174		28		9	3
38		149		3	1
147		174		7	3
51		182		8	4
46		92		10	2
140		25		12	14
92		109		5	8
92		53		1	4
4		114		8	11
99		28		11	12
67		137		9	10
149		70		8	20
78		47		1	3
19		191		10	14
151		110		4	14
114		127		10	6
172		176		5	8
151		172		4	3
147		123		5	4
127		28		0	7
25		175		5	3
146		123		2	9
78		61		14	7
185		175		8	12
99		139		6	17
9		69		6	9
163		61		5	9
47		147		6	15
78		185		16	18
54		127		11	4
66		137		3	7
7		185		11	9
182		123		4	10
154		54		6	7
67		19		14	12
46		99		11	8
28		47		2	3
146		9		20	14
67		51		6	1
140		139		11	17
174		19		20	16
176		159		16	12
139		151		15	6
70		137		4	3
46		159		14	7
78		7		4	2
127		109		3	5
159		4		7	4
28		4		3	4
109		61		9	19
147		137		6	1
110		78		6	3
137		123		12	16
154		109		3	1
175		4		5	0
46		47		8	1
19		7		1	5
54		110		6	5
191		109		17	20
175		81		0	3
70		182		2	3
109		25		3	2
149		69		13	8
139		149		6	2
151		170		18	17
185		69		13	10
149		70		9	6
25		147		3	14
123		149		12	16
146		78		3	1
123		69		20	10
69		9		16	8
109		146		8	13
28		81		8	17
51		174		7	16
174		149		8	10
163		139		10	11
123		78		2	7
170		123		6	9
46		70		4	7
51		99		2	5
191		67		10	5
38		46		16	18
127		25		15	20
140		191		9	16
127		99		8	9
123		114		11	16
182		4		13	12
46		185		12	11
7		92		7	5
185		191		15	10
101		146		5	0
78		170		9	19
123		114		4	1
7		9		3	2
47		38		10	8
78		176		20	10
99		175		7	11
123		109		14	17
53		146		14	15
47		170		5	7
149		47		1	5
185		67		10	15
51		172		3	7
7		7		17	19
38		28		14	8
114		147		11	15
101		176		4	2
69		69		3	2
127		123		5	6
67		7		6	3
147		147		9	11
137		92		18	11
81		69		12	5
69		7		1	3
114		38		5	3
61		53		11	8
28		109		3	1
46		46		18	20
123		147		19	20
172		174		3	10
61		7		4	10
154		53		3	2
28		146		10	16
170		7		5	6
81		9		14	3
147		46		9	6
70		101		4	13
185		139		6	14
191		176		11	5
46		54		16	15
172		174		14	18
67		140		11	16
78		140		11	3
69		78		9	11
53		146		7	8
176		9		3	1
170		185		12	5
109		66		15	19
28		149		6	4
147		46		8	6
101		101		18	8
163		46		16	19
25		149		9	12
191		61		5	3
191		51		3	4
92		38		1	6
140		28		13	10
175		81		3	5
175		174		5	3
110		4		17	10
51		61		1	6
154		176		11	16
175		38		11	7
99		25		12	15
109		170		9	6
149		191		2	10
28		172		7	10
69		185		7	14
191		139		5	9
78		19		4	2
99		123		10	16
172		19		2	6
99		81		11	19
176		25		4	5
38		92		11	3
175		99		3	5
4		140		7	2
38		149		14	6
67		123		2	10
159		19		12	16
81		174		16	17
159		61		17	20
28		170		8	11
67		81		2	13
175		175		19	14
109		185		3	2
185		191		11	5
47		9		13	8
140		110		10	14
154		7		3	5
176		123		3	7
38		127		10	12
101		54		9	19
114		99		18	13
9		109		0	4
182		146		9	19
174		137		4	1
163		4		2	3
67		19		5	6
172		99		4	16
146		109		6	2
70		147		18	19
159		53		13	14
92		137		14	10
7		154		12	9
137		61		7	12
19		81		7	18
61		137		13	14
170		127		6	1
123		151		3	4
176		159		4	2
47		81		6	4
191		99		8	6
4		67		8	11
51		99		8	12
25		7		5	9
81		4		13	8
170		182		11	4
159		92		5	14
185		114		20	12
66		70		9	6
25		54		14	15
53		53		15	13
92		151		2	4
174		170		7	10
149		69		20	19
151		110		8	7
147		174		18	16
78		38		2	3
151		19		20	14
67		151		7	10
19		81		6	18
170		137		15	20
54		151		7	6
46		53		11	14
53		92		15	12
159		159		16	6
28		110		1	4
101		174		0	4
175		46		3	1
127		69		4	5
47		147		6	10
25		67		17	16
154		146		11	6
9		66		10	16
54		4		12	10
61		66		20	15
54		110		5	4
123		46		1	4
159		151		5	10
47		69		15	10
159		185		8	18
139		139		10	7
9		151		5	8
146		185		8	20
51		149		6	8
53		123		17	6
70		163		16	14
78		139		5	7
151		4		7	3
101		123		8	10
7		154		12	5
53		114		7	4
28		51		6	8
51		163		5	15
140		81		4	5
25		182		6	3
53		61		8	13
66		92		18	9
92		114		15	19
137		176		8	15
7		9		5	1
54		176		7	3
78		147		6	1
46		46		18	17
110		109		9	10
54		149		10	9
9		78		4	9
9		70		3	11
159		70		3	8
139		140		3	0
47		92		9	4
172		46		2	5
69		149		17	19
28		114		4	10
137		110		15	16
123		78		20	9
154		99		10	13
53		170		11	20
81		149		10	17
109		67		7	6
176		114		4	1
151		66		7	5
81		139		17	19
70		127		5	2
38		69		14	18
149		99		14	15
185		9		19	4
175		137		15	11
19		147		11	15
99		81		3	7
101		66		18	16
110		170		11	12
81		114		13	2
66		69		7	9
19		149		4	6
140		123		11	3
61		154		17	8
46		109		14	8
140		47		9	14
139		147		4	1
172		47		3	6
66		38		4	9
170		163		4	5
114		159		6	3
127		66		3	5
182		70		12	19
54		182		7	2
47		140		16	13
51		146		7	15
66		54		12	14
149		127		7	5
4		123		9	11
46		54		14	11
46		46		12	14
191		149		17	9
140		7		6	10
110		151		10	14
185		191		6	5
7		38		14	8
159		182		1	3
149		69		15	9
61		175		1	3
101		172		17	15
109		147		12	19
78		146		9	5
154		149		2	5
69		19		7	12
4		149		6	5
28		99		17	9
109		54		11	18
99		139		8	14
174		4		18	19
175		99		5	1
46		154		8	0
172		81		6	16
123		159		4	2
163		25		15	14
151		46		2	7
175		28		15	8
163		28		9	4
139		53		9	5
7		147		12	13
78		7		16	14
172		114		16	13
81		172		7	8
176		19		13	14
25		54		13	17
69		81		2	14
163		61		1	6
92		174		2	9
172		185		4	19
140		46		1	7
170		137		19	20
92		147		6	10
70		99		7	2
159		139		10	17
38		70		12	15
146		7		4	5
81		69		10	8
66		185		14	13
69		174		14	19
19		51		3	0
154		176		3	5
109		149		3	1
146		182		12	18
170		191		17	16
127		92		15	7
185		123		18	17
19		67		10	6
140		175		9	15
146		172		0	3
9		170		1	9
163		19		3	1
127		19		8	3
4		159		16	6
70		151		3	0
182		149		11	16
69		154		14	19
182		176		9	4
69		19		4	3
151		28		15	8
163		163		5	1
53		170		16	14
110		182		16	6
69		54		4	2
81		146		17	9
7		170		4	3
176		7		6	10
139		99		4	3
139		175		7	8
172		147		4	11
139		172		7	4
61		154		4	0
185		154		7	3
54		175		7	9
47		19		7	9
154		92		6	9
78		163		7	5
185		99		12	7
78		61		16	15
170		163		6	13
110		70		6	10
175		109		8	3
127		46		2	13
66		154		12	2
28		185		9	11
92		137		8	9
54		38		5	6
66		110		15	12
67		101		3	7
170		38		12	11
146		51		16	9
159		146		12	20
140		182		8	2
66		66		18	17
176		54		10	12
163		154		4	0
46		114		4	2
81		147		8	3
53		54		17	12
70		146		7	5
110		139		0	3
174		151		4	15
66		170		11	12
53		137		13	12
25		154		20	10
67		46		3	9
99		114		4	1
170		185		16	13
185		149		17	15
163		140		2	3
69		172		14	6
137		137		5	8
149		176		4	1
147		185		3	1
147		46		5	16
172		172		12	8
137		191		6	16
7		182		5	3
53		99		13	15
154		123		3	8
174		127		15	8
176		81		15	16
61		28		4	1
78		146		14	13
9		114		0	12
101		174		7	5
81		47		9	6
185		154		1	5
4		25		8	10
47		172		4	0
123		9		5	0
54		4		9	16
7		101		6	3
109		38		2	5
123		182		7	10
154		92		12	7
182		182		8	6
146		159		16	9
110		146		17	7
191		176		4	3
67		149		2	5
9		92		15	13
47		70		7	5
110		137		11	7
174		38		12	10
78		191		9	6
54		25		15	14
70		25		19	16
51		175		3	20
191		54		4	7
38		147		1	6
53		170		3	1
163		182		6	11
53		7		4	7
28		159		19	14
51		70		3	17
110		175		2	5
67		51		12	7
101		38		3	1
38		146		2	3
46		67		3	6
174		182		5	8
25		176		11	13
38		99		15	17
66		46		19	14
176		174		6	4
109		163		5	3
149		182		8	5
175		123		19	17
139		176		10	4
66		25		12	11
185		28		12	4
46		66		14	5
159		28		14	20
25		149		18	16
123		146		5	3
185		61		12	13
127		175		14	17
67		140		1	4
137		70		0	4
114		78		8	15
81		191		3	5
170		47		17	13
147		154		18	7
170		191		18	19
149		61		12	14
7		174		7	11
4		176		7	4
81		99		3	5
92		28		16	20
25		163		17	14
54		159		3	1
92		146		3	8
123		54		7	11
175		28		14	6
92		149		7	9
51		67		3	1
170		175		6	11
191		38		4	3
19		154		4	12
92		185		3	14
66		159		17	11
66		185		2	4
38		70		9	7
9		46		3	12
154		81		1	4
163		101		0	5
101		149		12	17
78		46		3	1
123		147		13	20
191		81		15	20
182		92		12	15
46		9		12	0
191		149		2	6
25		163		13	6
101		139		4	7
151		139		8	9
110		174		13	12
38		127		11	4
185		110		7	4
109		174		6	7
159		154		9	8
191		51		3	1
185		174		3	1
163		159		6	1
78		172		4	0
163		163		14	19
4		151		16	18
114		191		9	8
99		7		8	13
25		182		16	12
127		53		1	8
67		101		1	8
163		114		20	10
69		51		10	4
182		54		1	5
19		146		15	11
137		67		18	16
7		182		7	2
54		182		10	3
140		67		7	3
137		47		6	9
78		47		20	19
38		81		13	9
25		146		19	12
61		154		17	10
19		67		11	7
7		139		10	6
140		19		6	10
67		78		8	14
69		61		2	4
99		81		4	9
69		53		9	17
174		81		11	16
140		19		15	14
101		110		9	10
146		70		11	17
61		176		18	11
69		61		12	18
137		175		7	16
174		185		11	5
101		92		18	3
174		176		5	1
182		69		13	15
78		140		3	5
191		172		11	5
140		151		6	7
46		123		17	9
28		127		15	19
174		123		15	10
28		172		15	11
25		159		6	2
7		140		4	0
92		191		9	11
101		99		12	11
28		81		3	11
154		172		12	18
54		99		10	4
174		19		2	4
146		147		10	18
174		191		11	4
149		147		0	3
139		127		0	4
114		149		20	10
176		61		9	14
182		176		9	13
159		172		11	7
38		38		9	5
170		67		4	0
146		151		16	10
53		123		14	15
172		114		7	13
137		61		6	8
28		191		11	15
61		159		16	12
140		172		10	16
147		174		6	2
109		70		9	16
172		78		7	15
46		140		9	6
9		51		16	17
67		176		14	19
9		25		3	6
191		66		7	12
101		81		18	13
114		176		11	12
172		146		17	16
66		137		1	3
70		151		17	8
61		151		6	3
19		99		16	20
182		25		7	4
139		114		15	20
101		25		5	3
139		99		14	6
25		176		3	8
170		67		17	18
19		38		10	8
7		191		13	3
69		127		4	1
101		123		7	8
109		137		2	4
69		81		6	8
69		61		6	5
66		70		1	5
159		163		15	17
191		159		13	4
139		170		18	6
28		140		1	3
69		191		11	16
182		47		7	13
81		159		11	3
163		81		8	10
139		54		3	7
9		109		8	13
140		147		6	9
174		25		9	11
54		146		13	10
140		51		7	5
170		174		0	4
4		110		14	17
47		53		10	6
137		151		2	5
147		163		3	0
7		99		18	12
139		110		10	8
123		182		19	16
9		151		1	5
151		149		16	20
151		47		3	6
154		28		2	5
149		9		5	3
172		67		15	14
69		174		10	16
140		28		15	9
101		176		5	4
159		67		5	12
92		114		10	9
123		146		3	9
4		170		2	5
54		9		17	4
185		51		17	9
176		163		17	16
54		9		16	4
110		139		13	20
149		170		6	14
172		149		8	18
51		9		3	0
38		19		4	1
185		46		8	6
47		61		16	14
7		140		5	2
182		175		15	18
9		92		11	9
38		101		8	11
174		182		4	11
137		191		10	7
25		61		10	6
51		25		4	5
81		109		10	5
139		81		16	11
175		69		1	4
61		66		6	3
154		25		5	11
137		139		9	14
25		174		17	7
159		46		17	15
114		25		15	17
51		182		3	9
78		47		9	16
4		172		11	7
38		25		15	11
185		146		4	0
101		172		9	6
51		54		4	12
123		174		12	17
182		53		12	16
149		139		7	10
139		114		5	2
182		149		6	15
9		66		4	18
191		81		20	15
137		101		5	11
101		38		18	11
123		170		7	6
47		127		5	2
110		191		0	4
51		46		9	19
127		69		7	10
99		78		12	18
182		109		6	5
9		170		8	18
127		53		12	16
81		109		5	3
159		53		12	20
163		159		2	3
159		139		5	13
185		147		2	8
140		174		20	8
25		149		2	7
175		4		3	4
92		127		17	18
81		159		4	6
7		140		7	10
78		163		17	11
191		67		3	0
182		139		2	8
182		47		5	7
175		38		14	12
170		110		10	5
61		47		9	3
61		78		4	1
176		81		2	3
101		147		14	12
139		109		5	2
170		4		20	17
170		191		6	5
139		70		3	2
78		28		6	8
47		51		13	4
78		172		8	3
38		114		19	16
51		38		4	13
146		92		7	3
172		185		8	12
81		163		18	12
66		109		4	7
25		92		20	6
163		69		4	5
146		25		1	5
191		109		4	1
4		78		4	12
114		151		16	9
114		154		14	15
101		147		4	3
147		69		7	4
149		110		2	5
140		114		15	9
123		38		14	8
101		19		19	17
154		139		7	15
146		51		15	10
176		191		15	19
38		147		15	17
19		47		10	15
81		176		11	6
78		19		10	16
191		147		9	13
159		46		5	20
154		9		7	2
99		185		11	20
51		81		3	12
147		174		12	6
110		175		19	13
99		51		15	10
47		123		18	19
46		151		14	5
9		47		4	9
139		191		20	15
146		176		2	6
46		191		16	9
151		25		2	6
172		137		6	13
19		47		11	8
101		9		6	3
38		123		8	4
140		176		2	5
25		19		15	13
172		176		11	9
67		61		10	16
154		151		0	3
78		38		5	3
70		51		3	2
139		4		6	1
4		176		13	5
19		47		8	14
92		38		15	20
176		101		7	9
81		151		8	6
19		7		5	9
191		70		5	12
139		159		4	3
67		163		8	10
172		19		6	8
154		185		10	18
147		182		4	2
147		46		16	18
191		46		6	13
174		61		2	3
151		146		14	8
137		174		2	6
182		154		13	19
176		101		9	11
174		149		5	16
127		38		11	14
137		47		1	11
149		66		8	2
66		7		7	3
47		170		9	15
147		159		11	6
46		78		2	5
70		127		17	16
69		151		8	11
78		38		3	5
101		101		7	8
163		109		7	14
139		137		2	5
149		174		4	9
69		127		16	19
54		109		12	13
154		175		2	3
54		140		11	13
99		174		5	12
92		172		15	18
61		67		17	11
154		92		14	9
70		149		8	2
114		69		17	11
140		170		13	12
67		28		17	5
7		151		14	12
69		140		13	12
114		109		3	0
53		47		13	6
123		151		18	7
78		69		20	14
114		109		4	5
25		46		4	11
110		149		1	4
4		114		12	20
38		61		3	9
4		172		18	9
163		92		3	2
140		19		15	19
53		81		5	19
114		92		6	3
28		185		4	16
53		172		7	4
172		66		8	18
70		110		3	9
78		110		18	13
101		99		11	2
54		123		10	2
25		19		4	5
4		114		15	17
110		99		9	14
182		19		17	16
4		99		15	14
47		7		11	12
191		19		14	7
38		51		11	3
81		28		2	4
137		176		11	16
191		146		10	4
81		38		13	11
4		123		16	20
28		176		13	11
149		61		3	9
28		137		8	17
67		99		20	16
81		146		18	10
174		172		2	5
149		154		1	6
149		174		3	8
149		151		6	11
163		146		6	5
109		159		19	18
47		147		2	10
191		139		3	4
137		146		5	7
101		139		0	3
154		163		11	14
53		146		6	1
28		123		6	5
151		9		20	8
127		61		14	19
53		182		18	12
19		154		3	0
137		114		3	0
61		172		7	4
147		114		12	9
110		151		6	7
25		146		18	15
51		172		12	15
51		175		9	19
176		38		10	17
140		101		5	7
38		61		3	1
170		172		8	9
163		101		19	15
170		176		11	9
127		92		10	7
149		38		8	9
66		147		1	4
170		69		11	2
70		78		4	3
140		47		16	14
70		51		20	10
139		25		12	7
38		123		17	16
172		38		15	20
66		47		13	19
4		123		12	7
140		191		9	5
67		81		17	19
109		175		1	4
170		25		6	12
163		109		8	4
92		101		3	4
69		185		4	8
182		151		13	10
67		127		13	7
25		61		6	11
51		99		20	19
176		53		17	20
176		78		8	13
70		163		9	8
25		25		4	5
123		78		8	13
7		159		12	8
147		66		6	3
78		54		16	19
176		4		3	13
137		54		3	11
159		53		19	18
78		28		20	14
176		175		6	9
159		172		5	7
53		139		6	10
147		163		5	14
174		109		3	5
159		151		8	11
123		28		7	6
170		4		5	4
175		67		12	10
185		7		12	14
51		172		6	9
182		182		3	7
191		78		11	4
175		53		6	11
53		99		2	3
149		46		6	13
25		4		5	2
101		191		16	9
99		78		4	15
110		54		6	3
70		70		8	7
146		66		9	14
70		149		8	5
174		9		17	8
81		25		2	5
123		47		13	16
109		147		5	3
81		176		15	9
61		9		16	2
38		51		3	1
25		151		12	14
182		51		19	14
159		51		2	3
159		46		5	9
7		47		14	13
19		172		16	14
175		46		5	6
78		47		8	13
81		81		2	3
81		4		6	3
140		7		14	15
47		4		14	6
163		175		2	7
182		114		7	3
61		69		8	5
127		78		2	6
54		28		18	9
19		25		2	5
123		9		4	1
92		70		0	3
170		127		6	1
70		69		20	12
172		70		4	18
69		99		1	3
46		163		10	8
182		47		5	15
174		25		3	10
61		109		6	5
154		146		6	9
163		28		3	2
146		47		7	10
101		92		3	7
61		172		17	11
139		7		11	9
114		19		4	6
149		47		12	11
70		176		15	10
114		182		13	6
92		4		7	19
99		139		9	15
151		163		1	3
170		170		11	15
46		114		7	8
176		149		2	4
67		151		10	12
123		139		5	12
191		110		8	4
70		69		12	5
53		139		15	18
54		151		5	3
114		191		19	16
146		149		3	4
127		47		5	8
176		191		6	9
114		151		4	1
182		78		9	11
172		127		10	2
127		28		15	12
127		154		18	13
53		182		20	13
176		66		8	11
51		137		4	6
191		182		1	3
51		147		1	5
146		7		14	17
19		139		4	8
137		25		3	0
159		154		16	14
101		163		10	7
147		99		7	4
28		172		9	19
101		175		11	19
137		61		1	4
170		110		11	13
70		127		15	9
54		170		19	12
175		170		17	11
185		66		4	6
78		7		7	5
81		151		17	6
182		174		9	11
140		139		4	11
147		182		18	12
70		114		9	7
54		182		14	7
159		54		13	6
176		110		4	7
163		163		20	15
38		81		5	9
147		61		3	4
53		149		10	11
46		101		11	15
123		149		8	16
176		123		3	8
139		137		4	7
78		78		6	2
81		92		9	2
163		38		2	10
176		127		6	1
174		149		15	10
81		38		8	7
185		38		16	8
38		92		7	8
9		51		10	17
123		127		18	13
149		92		5	3
78		176		17	10
159		123		6	5
78		92		10	4
51		182		6	4
69		147		6	7
159		9		15	11
123		127		14	15
92		170		8	12
9		46		8	14
154		172		5	10
81		101		14	8
78		47		20	18
159		170		7	18
66		28		14	11
149		151		9	7
53		172		15	9
61		172		12	3
123		4		7	9
147		109		10	13
19		151		13	19
176		46		9	17
53		114		15	16
172		67		7	13
81		19		19	20
154		78		13	20
78		4		14	10
99		61		3	5
149		46		13	15
92		185		1	5
185		66		11	1
69		154		4	5
170		127		4	2
127		9		15	12
109		53		1	3
147		175		18	19
146		146		7	10
191		54		13	20
38		66		10	8
67		61		3	10
114		9		8	4
123		66		4	2
159		61		9	20
51		154		11	9
54		7		9	1
146		127		18	11
25		81		17	14
47		46		10	15
78		182		7	4
99		127		17	19
154		9		9	4
191		69		19	14
140		66		1	3
149		70		18	12
140		47		1	5
174		140		7	3
99		172		5	2
7		25		7	4
101		139		3	7
174		92		3	5
182		110		6	4
7		19		6	4
99		114		16	17
54		140		19	20
139		127		3	0
53		54		19	12
69		51		15	13
25		140		17	10
78		123		18	9
92		159		9	5
4		163		5	19
137		69		6	1
154		175		11	12
109		4		15	3
53		19		15	10
99		110		6	11
147		61		7	5
19		51		17	11
146		81		1	6
110		7		3	4
139		182		15	7
159		191		2	9
127		69		4	8
51		110		3	2
7		53		12	8
53		9		14	4
163		92		11	5
163		28		15	18
19		81		5	14
174		159		12	20
154		114		5	8
81		19		11	8
61		151		18	19
99		172		8	10
154		67		4	2
114		101		3	11
66		67		10	11
92		139		11	14
159		139		2	7
137		25		9	19
70		149		12	16
154		163		10	12
19		92		7	0
53		147		15	16
69		69		4	2
109		176		12	15
78		92		12	6
61		175		16	13
147		191		17	6
114		123		9	2
51		19		4	8
54		70		13	17
182		149		4	6
151		78		3	2
61		139		6	13
139		53		17	8
47		174		10	16
154		51		20	16
78		47		1	3
185		61		17	11
51		61		1	7
19		9		0	3
149		170		12	16
191		172		11	8
19		147		9	15
172		38		8	11
163		19		10	14
9		67		7	5
53		4		2	5
66		61		15	11
92		114		6	10
7		46		5	8
54		175		1	4
61		109		16	9
9		9		19	10
25		149		8	13
47		9		10	4
110		28		14	12
51		54		8	15
9		67		1	6
163		99		18	5
69		154		11	13
19		159		19	20
28		154		5	4
172		109		12	14
66		127		14	5
110		182		13	12
54		127		19	13
151		172		3	4
67		139		6	18
182		174		10	15
163		123		3	7
185		69		5	4
4		159		4	5
182		185		11	14
123		146		16	13
154		127		4	0
182		69		2	5
81		54		3	0
7		139		13	14
110		69		14	16
67		19		9	13
25		51		7	15
174		70		7	12
191		25		19	12
175		92		6	2
123		109		5	1
67		61		16	15
147		47		10	9
101		99		8	5
149		110		1	5
46		149		5	6
170		170		5	4
19		53		5	19
54		127		9	4
114		99		9	3
69		172		14	11
185		53		11	13
110		19		2	6
9		137		3	2
170		78		8	6
78		67		2	3
147		147		20	17
139		67		19	10
147		53		13	14
175		67		13	3
174		66		6	12
66		151		3	4
114		127		8	5
114		146		7	10
149		146		10	17
70		69		5	3
149		172		2	6
92		154		10	19
101		53		2	7
170		149		10	1
146		28		10	8
176		185		4	12
146		109		20	18
172		7		1	3
147		67		5	7
61		109		11	9
25		7		10	12
38		69		18	12
175		61		8	5
174		109		10	5
176		28		8	7
99		66		5	9
182		25		14	16
69		139		6	20
66		170		6	9
69		172		10	11
109		174		14	11
163		140		7	19
61		109		7	1
154		175		13	14
46		147		13	10
159		175		3	8
159		78		5	14
175		70		10	14
191		81		5	7
70		4		10	5
19		54		3	8
110		66		11	13
170		38		7	4
69		38		12	15
151		53		15	18
28		151		13	19
7		67		7	2
109		139		11	18
67		172		14	10
140		69		4	1
81		47		9	1
159		154		6	16
154		28		5	4
19		191		11	6
182		4		16	10
99		109		4	11
114		149		8	12
51		147		8	17
154		139		0	5
174		114		17	16
170		47		10	16
123		7		4	11
78		9		7	8
81		163		20	8
139		61		9	11
137		61		6	13
140		163		2	6
25		81		4	5
51		19		4	11
176		182		8	5
7		182		12	4
19		70		11	19
174		69		20	16
67		69		2	6
185		66		20	17
101		140		13	12
172		149		2	10
101		127		14	18
175		67		17	8
185		127		10	3
69		61		3	7
51		163		13	14
51		92		18	14
70		127		6	1
54		114		6	9
67		175		14	19
28		47		6	7
69		185		15	19
172		137		7	9
69		53		7	11
25		51		12	6
151		19		4	3
51		174		2	11
61		182		6	3
182		139		4	13
25		163		14	13
140		110		4	7
54		61		18	14
47		146		15	9
81		140		15	8
123		4		15	18
69		92		8	10
154		109		11	12
123		185		7	8
99		174		14	16
110		47		5	12
170		51		16	11
110		69		11	6
185		66		16	19
19		70		3	1
67		146		10	8
151		154		3	4
81		185		14	16
127		185		0	4
19		154		7	17
25		140		9	7
25		78		10	5
81		127		15	10
47		70		3	6
154		154		13	10
146		46		6	15
110		69		9	7
19		38		4	9
67		127		15	11
92		53		8	20
38		92		11	3
38		7		12	15
99		99		4	2
54		4		4	9
9		147		6	8
38		47		3	4
38		191		16	20
4		159		10	4
51		140		9	18
182		78		7	12
81		66		6	11
61		137		1	3
174		114		13	12
110		69		7	11
159		127		10	12
127		149		10	6
38		175		1	6
51		154		19	11
110		28		4	5
159		66		11	10
81		53		11	13
140		159		2	4
137		191		15	16
38		182		5	4
176		147		8	16
92		38		2	5
4		191		19	14
25		163		0	4
99		92		20	17
92		69		14	19
140		99		4	3
127		154		18	17
149		146		3	2
47		53		14	20
69		101		10	5
127		127		6	7
114		151		13	12
154		172		17	19
38		67		17	9
170		67		11	7
101		7		9	7
175		172		2	4
101		78		7	11
81		170		9	8
137		176		9	19
163		146		5	4
47		175		8	10
174		78		7	6
101		54		1	3
123		147		5	12
67		61		11	16
185		123		8	13
109		66		10	17
154		101		0	3
175		172		9	7
78		140		4	6
61		51		11	6
123		101		16	12
81		19		18	8
99		137		7	4
67		146		3	6
7		4		13	4
4		127		10	7
25		47		6	4
92		139		1	5
109		7		2	3
159		7		2	3
70		19		16	11
69		139		4	19
151		81		7	12
114		54		14	11
25		9		11	4
151		101		1	3
46		159		3	1
151		185		5	8
140		154		3	1
38		69		2	5
139		110		11	10
109		9		13	8
110		114		7	2
114		47		7	4
137		69		9	5
159		185		9	19
146		182		14	9
99		172		14	12
154		81		6	14
114		110		7	11
174		4		15	10
81		137		9	7
38		54		3	1
101		140		3	5
54		4		4	3
51		78		4	13
7		38		13	17
7		159		3	1
47		127		12	10
163		110		18	8
146		38		0	4
172		99		13	10
147		99		6	4
140		70		5	3
151		53		11	9
175		172		7	1
110		172		11	10
123		146		10	8
7		66		13	10
78		175		9	5
9		154		15	19
38		78		16	18
182		147		8	11
163		46		13	18
9		191		6	17
9		7		3	5
174		66		11	12
54		53		2	3
61		140		18	13
101		101		3	7
137		78		7	15
147		19		13	6
149		38		12	20
172		159		2	3
163		123		13	15
47		46		6	9
78		175		9	4
191		109		5	3
191		54		8	13
78		51		16	10
127		159		10	7
70		191		9	6
163		149		3	8
19		53		2	7
70		114		3	2
191		9		7	2
9		172		7	8
191		101		10	6
66		163		15	17
163		147		10	14
163		7		13	16
191		139		12	18
70		78		17	16
110		51		19	14
101		51		7	1
172		7		2	12
70		101		19	13
61		53		12	6
92		182		11	18
185		101		4	5
81		185		10	7
172		109		6	10
78		137		19	16
149		47		19	17
99		170		4	10
147		66		10	2
28		99		9	7
114		154		19	16
38		109		8	3
51		38		14	18
172		46		6	11
9		54		3	9
38		127		4	0
25		123		12	9
101		174		6	10
109		53		2	13
176		92		9	10
19		54		1	3
175		154		16	7
69		61		9	14
92		4		17	19
110		123		3	4
4		99		18	12
151		176		4	2
99		69		18	16
170		4		11	8
67		151		8	19
127		151		10	9
28		127		11	12
69		149		14	16
51		66		9	20
38		47		6	5
54		47		2	7
176		172		1	4
47		109		11	8
151		176		3	6
151		172		5	11
70		47		19	12
38		92		18	5
28		19		16	12
146		9		14	6
66		19		5	1
9		53		3	11
147		70		12	10
114		46		4	13
69		123		8	7
159		185		14	8
123		61		6	11
19		172		18	17
114		123		4	8
46		25		8	6
78		170		13	14
159		4		9	17
4		109		4	14
154		4		0	3
137		38		12	18
109		54		13	16
149		61		8	9
175		123		20	16
174		70		6	17
25		51		14	16
123		140		13	17
175		101		4	7
7		170		16	11
127		175		8	10
101		47		14	9
67		175		0	3
139		92		15	5
182		174		2	3
7		66		17	12
174		176		7	10
46		140		15	6
69		38		7	4
182		147		2	6
163		151		9	8
19		81		1	7
174		175		3	10
172		139		3	7
175		78		9	16
123		19		5	8
114		66		16	19
110		101		8	17
99		146		4	8
110		67		16	12
191		92		13	3
185		51		3	1
47		4		1	4
53		46		2	4
154		51		11	12
146		127		16	3
191		163		11	17
172		78		6	20
61		25		9	10
38		137		9	5
38		53		2	3
9		182		10	12
176		19		20	16
25		66		7	16
38		140		7	9
69		170		8	18
140		46		16	15
139		78		10	17
92		25		10	19
101		159		9	7
154		137		3	6
67		182		6	4
25		28		4	0
147		81		3	7
127		81		4	5
53		191		20	13
140		92		19	3
163		51		5	3
163		154		13	10
78		174		6	4
54		109		18	15
38		78		11	13
61		66		5	7
51		4		0	3
191		66		7	2
185		54		11	10
7		101		0	3
175		66		11	9
7		28		3	0
66		176		18	14
127		46		2	17
146		25		4	1
46		185		10	8
109		110		12	8
70		109		18	20
176		176		5	11
140		28		16	14
9		53		6	14
54		54		11	10
99		174		8	4
61		147		14	11
92		175		2	7
159		176		4	7
54		174		19	16
147		69		20	10
147		146		16	5
66		53		12	14
182		7		0	4
172		170		9	10
7		54		13	11
176		154		11	14
9		19		6	12
61		109		6	11
78		9		15	5
139		101		18	15
175		172		20	8
53		81		15	16
9		170		3	6
9		61		4	19
28		54		2	9
151		109		9	7
66		67		4	6
81		146		9	15
114		140		17	15
182		53		10	8
78		110		15	13
137		127		5	6
137		163		11	9
4		154		3	1
51		110		8	12
170		47		13	9
67		4		9	15
78		69		16	5
46		185		16	20
175		28		8	9
66		154		9	14
185		172		10	9
78		176		6	2
172		146		13	19
9		172		3	7
78		175		12	18
176		140		8	11
146		154		11	15
185		28		19	8
176		99		9	4
147		176		5	3
25		61		16	11
123		92		3	0
54		182		12	6
101		191		16	12
66		147		10	8
172		163		15	16
9		182		8	19
51		159		16	18
114		146		10	12
70		69		11	8
67		175		8	19
110		54		9	12
46		7		13	3
146		146		8	11
123		81		6	9
114		67		1	8
170		139		3	9
46		51		20	5
92		127		2	3
51		170		7	8
92		114		12	10
25		7		9	14
191		70		17	20
176		70		11	14
70		99		13	8
154		123		3	5
47		81		0	7
139		9		11	2
99		101		7	11
69		38		5	4
4		51		5	7
25		61		9	12
163		99		20	17
175		9		6	4
149		146		11	10
159		69		2	3
110		70		3	5
9		78		6	15
172		123		3	6
101		147		11	14
70		51		5	2
61		191		20	10
66		51		11	4
151		191		15	17
114		101		4	0
174		174		15	13
127		7		7	14
185		137		12	18
140		99		15	7
140		182		9	6
175		174		17	18
101		70		1	8
51		175		3	10
147		137		17	9
51		172		8	11
185		61		8	5
170		46		6	5
46		109		7	3
163		69		11	7
149		151		18	15
139		185		4	1
123		61		1	4
38		28		11	9
127		159		17	13
46		99		11	9
176		109		2	5
9		101		5	4
110		109		6	11
176		53		2	6
163		123		10	12
140		174		3	6
114		61		1	3
38		137		12	11
163		146		17	20
69		25		13	7
110		159		6	0
47		174		9	8
4		146		6	1
176		172		11	15
66		172		13	7
66		67		19	20
147		99		15	12
176		123		14	12
4		137		19	20
92		172		17	18
172		61		5	3
109		109		12	10
99		123		7	15
139		174		13	10
114		159		17	8
46		69		19	11
123		170		4	9
149		139		2	8
151		25		7	17
81		47		7	10
174		163		11	5
172		114		11	18
110		191		12	15
101		61		9	8
70		140		8	4
110		54		10	8
67		137		6	4
61		159		14	5
137		114		7	14
67		92		10	5
110		110		14	13
53		176		9	5
66		170		18	7
137		81		4	6
151		53		8	12
47		9		11	9
46		127		12	9
28		25		2	7
174		174		10	9
101		123		7	6
51		140		11	10
101		61		3	4
28		19		15	19
182		28		8	9
147		163		8	7
154		149		11	5
19		137		12	10
109		38		20	18
7		174		7	5
51		172		4	6
127		137		1	3
7		191		9	11
51		140		5	9
176		147		18	20
7		46		9	13
54		70		10	7
109		109		10	11
28		69		5	9
69		38		15	20
182		182		18	7
51		191		8	12
175		163		5	2
69		176		0	6
146		92		14	4
147		53		11	16
101		170		17	12
191		174		7	5
109		114		13	12
78		99		15	8
101		101		10	9
28		172		5	7
66		69		8	13
182		140		17	19
185		66		7	3
19		54		18	19
9		70		6	20
176		175		6	13
25		99		3	0
110		28		3	1
191		81		9	13
61		175		16	12
92		38		0	4
147		174		12	7
172		139		0	3
147		159		20	12
7		170		9	10
127		99		20	11
146		4		16	9
61		146		9	10
70		101		16	18
109		19		14	17
149		163		2	5
54		114		18	17
66		78		6	10
81		140		14	9
7		149		15	6
110		70		11	18
110		53		2	3
139		154		14	18
174		101		14	13
66		78		8	16
154		7		5	10
46		139		19	11
54		174		17	14
38		127		12	14
174		70		2	5
172		99		2	8
175		54		6	4
9		139		1	7
146		92		13	7
92		67		20	16
146		81		20	19
163		163		4	1
127		172		12	13
146		109		15	12
66		53		2	6
163		7		5	6
78		4		4	2
28		182		4	8
70		99		6	8
140		61		11	12
163		174		13	17
139		78		16	10
139		101		17	18
46		109		12	3
159		127		3	8
101		110		6	4
69		170		6	10
110		61		16	13
123		99		16	11
69		147		6	2
70		172		9	2
67		176		4	10
99		109		6	4
127		159		11	8
47		139		5	11
174		46		20	16
54		149		4	1
54		147		4	7
174		110		3	14
67		146		4	14
174		146		9	11
67		19		18	16
25		182		12	6
174		38		17	19
123		70		4	1
149		66		8	13
66		19		3	1
19		185		17	20
67		47		0	4
7		51		6	2
101		154		14	3
127		28		10	13
67		139		7	12
163		154		2	5
149		92		14	13
127		185		5	8
174		99		7	2
46		70		15	18
123		154		2	5
99		176		0	5
81		114		15	6
159		123		8	17
163		51		13	6
140		114		16	15
127		149		4	3
174		149		4	3
147		67		15	9
53		4		12	9
78		123		7	10
170		53		10	11
110		159		13	8
19		70		11	18
149		46		11	9
61		101		3	6
170		127		3	0
81		137		4	1
28		146		6	8
99		38		3	1
92		114		7	16
185		78		19	10
175		191		8	12
78		9		3	1
137		7		6	9
185		7		3	1
174		28		19	10
182		69		5	3
109		174		8	7
7		191		7	5
92		182		12	18
92		172		9	6
67		151		10	13
163		7		7	9
70		151		11	6
139		110		1	3
81		172		20	7
46		38		8	1
174		127		10	7
92		159		8	15
170		51		8	5
114		176		11	13
109		7		6	7
140		7		15	11
170		174		8	16
163		175		5	9
154		176		3	6
101		123		11	20
4		51		14	11
4		19		19	17
175		38		11	6
46		53		2	5
139		46		16	20
163		53		10	13
163		149		11	9
174		127		6	8
51		151		6	8
7		139		16	19
151		38		13	14
151		146		9	2
70		174		9	5
67		78		10	18
101		54		6	10
51		154		4	9
140		149		17	18
151		149		3	2
147		137		20	11
154		51		11	2
53		51		10	5
170		176		2	3
53		182		20	6
109		139		11	12
191		127		10	8
146		47		1	3
70		140		20	13
176		9		9	5
9		92		14	20
81		182		9	5
151		47		9	7
51		66		6	4
159		174		10	14
170		66		9	14
149		25		9	8
127		110		10	18
139		147		4	7
101		176		6	4
4		81		1	7
182		61		3	4
146		114		2	8
38		191		4	1
182		9		10	12
149		191		12	17
66		172		18	14
185		151		12	14
19		191		3	6
78		46		6	9
25		67		8	7
176		99		11	13
140		185		3	7
9		172		8	9
170		92		1	5
92		170		16	17
147		127		6	7
28		146		3	9
137		47		16	19
149		51		8	9
99		25		10	14
101		53		11	14
146		81		2	5
154		176		4	1
172		61		10	18
127		191		6	14
28		182		10	16
78		151		17	15
146		149		15	18
109		137		16	18
137		185		3	6
110		81		0	6
114		28		13	10
182		7		6	17
110		67		8	0
127		159		9	19
7		92		13	4
4		46		5	14
61		66		12	4
140		149		17	14
28		78		7	19
114		182		18	15
51		127		5	6
51		170		9	20
174		70		1	6
159		109		19	18
174		154		11	3
127		151		12	6
137		185		10	18
149		7		6	15
163		146		7	6
176		61		10	20
47		109		19	11
67		46		12	14
146		159		14	8
99		176		15	19
127		25		7	13
110		114		10	7
114		51		14	12
175		70		11	8
67		146		15	12
154		54		4	7
137		9		10	6
46		182		12	1
176		154		9	5
67		70		7	5
175		109		5	7
151		9		3	2
170		172		16	8
137		99		10	13
146		7		15	14
67		28		19	15
127		154		9	4
140		172		2	3
101		78		7	20
170		69		9	4
53		92		6	4
66		46		15	16
46		137		12	7
163		101		9	14
170		4		14	8
127		38		5	12
25		38		8	3
81		70		10	3
101		61		7	10
9		146		5	6
28		191		2	3
140		174		1	3
137		66		15	20
25		38		19	20
47		147		13	8
127		99		6	12
159		182		15	17
151		61		8	7
51		70		0	3
174		28		15	5
51		191		5	8
175		163		14	6
47		92		5	2
147		66		2	3
109		67		5	3
114		61		3	2
109		172		19	14
81		151		11	3
81		182		5	3
47		9		3	0
127		140		12	17
7		146		13	17
78		154		19	10
174		163		15	11
154		109		0	5
25		123		19	16
127		182		14	19
149		123		1	3
81		19		14	10
47		110		19	14
137		19		14	13
110		110		15	6
70		67		1	8
67		92		12	7
159		67		11	13
149		182		8	13
47		9		15	6
101		19		16	11
54		147		7	10
172		147		13	20
191		38		10	8
146		46		8	6
191		176		14	12
172		176		3	0
99		109		7	4
61		146		3	0
182		175		5	12
185		25		13	6
81		54		9	6
92		46		1	5
99		175		7	6
174		66		17	19
46		127		13	6
139		69		14	8
151		137		3	13
81		146		20	13
147		175		5	10
47		101		5	10
172		170		7	11
28		191		14	10
191		123		10	13
4		19		7	12
151		101		12	1
185		154		5	7
137		175		2	4
109		101		10	8
47		176		17	18
53		109		6	2
46		51		8	4
9		99		4	9
54		4		16	12
147		19		14	5
70		191		19	20
163		110		2	9
61		46		4	1
114		109		16	19
7		28		3	1
19		9		4	0
70		123		2	4
170		140		16	15
175		7		6	4
9		123		1	3
51		51		12	11
101		70		20	18
51		67		2	6
7		78		3	5
140		114		7	15
51		46		2	6
182		127		3	6
66		140		15	16
25		38		3	7
127		47		17	18
137		99		14	6
67		47		8	9
110		147		15	18
185		123		13	20
51		139		6	17
159		38		2	3
139		19		4	5
9		25		2	14
170		123		9	14
182		78		1	6
114		137		11	15
54		9		9	5
114		139		5	2
19		123		10	16
154		109		11	15
154		51		13	7
114		137		20	16
140		123		12	15
163		176		10	7
92		81		10	14
67		51		15	11
175		4		11	3
28		51		10	5
114		182		8	7
114		191		10	5
19		54		13	19
159		66		7	13
127		110		8	10
110		170		1	5
101		140		12	9
28		25		18	11
38		9		12	7
185		172		18	7
28		66		3	1
28		78		6	8
53		185		7	9
182		70		0	4
163		110		4	2
69		4		9	10
151		123		9	8
147		70		7	11
69		47		13	15
54		109		14	7
38		170		9	13
46		170		4	2
28		175		5	16
176		53		13	14
101		70		3	7
137		149		13	7
67		140		8	15
185		114		7	2
110		99		7	5
140		172		6	1
4		149		0	3
176		154		9	5
123		51		16	9
137		7		5	7
54		19		10	14
147		78		15	20
149		78		2	12
114		19		16	8
4		147		5	10
47		81		8	19
7		149		10	13
38		78		3	13
149		109		8	15
78		182		13	2
101		175		10	13
25		151		8	11
7		147		4	12
137		38		15	14
140		175		7	11
67		78		12	18
123		19		15	10
163		151		12	5
140		154		15	10
175		174		3	4
191		25		14	15
159		182		8	11
154		147		8	17
174		4		16	19
182		54		3	7
109		110		16	11
159		25		2	4
191		38		5	2
25		70		1	5
69		147		15	16
170		185		14	16
159		176		9	12
154		47		9	20
110		123		8	4
137		146		14	16
109		140		1	3
99		99		5	9
174		28		2	3
137		127		13	8
163		114		9	5
109		140		18	19
154		61		12	17
176		28		8	5
140		170		11	16
163		176		20	18
61		54		11	8
185		67		18	8
176		19		8	10
54		92		20	11
159		159		4	12
159		163		12	17
154		151		16	15
176		140		2	4
172		110		8	9
92		7		2	4
149		78		1	5
170		101		14	20
99		38		5	9
139		170		8	7
147		139		20	10
123		127		14	5
53		9		17	7
174		137		12	6
78		151		19	10
140		78		9	17
78		54		6	10
47		174		17	16
61		174		0	6
137		69		11	6
140		191		15	13
53		54		9	8
139		163		6	0
146		123		12	13
69		137		17	16
163		61		3	5
149		151		10	13
101		28		18	9
163		101		6	11
67		140		8	11
4		137		19	8
149		139		4	3
92		51		6	2
66		67		5	4
123		53		15	18
170		176		2	5
4		182		1	3
140		38		14	17
159		163		10	15
81		123		8	6
163		182		7	9
140		170		2	5
175		114		8	6
28		53		3	7
78		47		13	11
175		69		4	0
25		127		12	5
81		147		17	12
7		51		7	2
7		175		13	11
170		123		10	11
182		159		15	13
25		147		11	19
70		81		3	1
101		51		9	6
67		146		4	3
9		92		1	3
151		191		13	16
9		191		4	16
176		51		17	16
170		154		3	2
78		7		10	8
159		127		4	1
147		140		7	5
38		46		10	14
174		147		14	12
109		51		5	0
101		149		2	4
69		78		15	14
139		172		20	14
69		101		17	12
53		47		1	5
137		154		11	10
81		172		20	7
123		46		11	9
172		4		3	7
163		9		16	13
92		66		13	14
51		163		13	20
66		51		19	10
123		123		14	6
191		174		4	3
154		154		7	10
4		170		6	3
163		159		13	12
53		66		5	3
185		70		13	17
137		4		5	8
38		28		17	8
38		81		2	9
46		123		20	15
170		140		14	13
140		9		16	10
163		174		12	19
28		159		19	13
92		54		1	4
4		114		4	1
69		175		3	4
67		4		12	14
140		67		16	14
54		140		19	9
46		38		15	19
38		54		11	19
78		46		11	15
38		172		8	9
101		53		17	14
66		151		19	11
147		170		9	2
191		46		4	5
7		191		19	13
7		137		14	9
123		67		6	8
53		147		14	11
176		46		8	20
47		47		5	4
51		28		2	7
182		110		15	7
4		61		1	3
110		110		15	18
110		110		7	14
46		163		18	14
92		110		6	13
4		110		17	9
151		69		7	5
4		172		4	9
67		114		6	12
146		19		14	9
172		123		6	16
54		109		12	4
66		147		14	16
38		154		10	11
99		67		3	5
146		182		8	4
146		154		17	12
61		174		4	12
51		163		2	3
19		137		5	1
172		176		18	13
109		67		16	9
99		149		18	20
151		163		12	16
159		170		4	7
159		139		1	5
19		172		18	11
67		46		9	20
110		54		12	13
61		53		16	8
78		163		6	1
151		47		3	10
110		99		6	4
25		159		10	7
172		67		2	4
163		137		0	3
137		154		6	13
191		182		12	16
19		54		6	13
53		78		9	14
185		110		7	14
19		99		10	11
139		25		1	5
114		61		6	5
92		51		5	8
170		176		6	3
154		61		11	14
149		53		17	13
182		176		12	19
185		109		13	10
109		109		6	8
191		123		7	11
78		163		10	12
66		176		2	6
170		81		13	8
151		149		3	5
51		114		4	16
170		4		9	6
67		66		12	14
170		67		18	6
147		151		13	18
25		154		9	8
172		146		8	14
53		61		7	6
38		140		12	16
38		159		5	3
47		137		18	12
81		154		20	11
51		191		10	19
159		174		6	5
191		147		8	14
92		28		3	1
4		66		19	18
172		146		4	10
54		51		5	1
47		159		15	11
114		110		5	1
69		147		6	10
28		4		7	8
51		151		9	6
78		38		5	3
25		25		12	8
151		123		16	9
149		25		10	16
46		67		16	4
163		172		5	9
47		175		11	15
92		47		10	16
123		53		17	13
99		182		15	16
149		123		3	4
149		109		9	2
175		146		18	13
9		46		3	5
140		151		13	6
127		182		11	5
92		109		11	16
172		146		13	14
7		140		8	6
163		182		18	16
191		176		10	7
66		127		8	6
154		154		1	4
137		114		15	16
185		78		12	16
19		99		5	1
176		4		8	7
137		109		7	9
174		139		1	3
66		9		14	7
159		163		13	20
139		51		5	2
54		67		13	6
69		9		6	4
61		176		17	10
101		28		10	12
110		9		9	5
146		53		9	12
163		54		1	8
46		28		13	7
46		54		6	3
114		137		6	7
149		149		9	7
140		191		11	12
54		137		4	5
123		110		10	13
51		28		16	17
127		61		6	8
92		170		11	16
154		47		6	5
69		172		6	8
81		46		6	11
69		149		9	6
159		25		3	11
92		9		10	11
4		127		10	16
110		7		18	11
139		99		14	12
19		81		2	3
99		170		7	12
53		172		4	2
172		110		3	13
67		78		3	2
191		61		3	1
159		46		7	19
123		139		4	1
146		176		10	13
139		159		15	11
123		137		14	17
146		54		6	13
176		123		9	8
147		38		13	14
61		66		14	3
38		185		12	7
67		109		10	8
19		101		13	12
92		151		20	18
25		185		8	5
70		139		6	7
25		7		4	13
147		137		4	3
9		154		4	16
151		81		19	15
101		127		20	14
146		172		7	3
146		25		16	18
175		46		7	4
61		47		3	6
140		61		2	4
170		7		15	16
9		137		7	10
159		92		3	2
154		69		3	6
99		47		10	8
47		149		15	16
149		175		9	14
149		38		5	2
170		146		17	6
109		110		12	19
182		19		19	17
70		66		11	5
146		175		5	6
25		101		6	9
163		139		5	8
110		175		11	17
78		92		8	3
159		151		3	18
147		53		20	18
19		78		9	11
109		154		6	7
172		54		6	5
70		139		13	12
92		147		2	6
66		151		4	2
123		139		4	9
123		163		8	9
19		70		3	8
101		67		10	4
46		67		11	5
101		147		6	1
175		38		10	5
163		9		11	14
182		137		6	7
175		9		7	0
61		109		18	12
172		69		6	10
78		53		12	10
38		174		14	12
38		47		5	10
174		151		12	1
7		149		11	8
146		137		4	3
47		66		4	3
114		185		13	18
19		101		14	17
110		78		4	8
175		191		14	16
174		19		20	19
7		61		10	5
154		174		5	1
191		170		13	16
4		175		1	6
46		151		11	1
19		4		8	4
67		182		5	2
110		139		11	19
159		47		7	14
61		110		3	8
149		38		15	12
149		47		19	17
185		66		4	14
146		4		7	8
51		4		3	7
149		163		12	7
67		137		11	4
69		25		2	3
53		127		12	4
146		151		5	9
185		146		14	17
7		123		11	14
46		139		10	7
7		149		12	16
176		114		10	13
172		140		2	3
182		191		2	5
70		151		9	1
149		28		20	12
114		46		0	4
25		109		10	12
66		123		3	7
81		163		6	5
78		137		9	10
28		25		4	5
146		139		3	1
154		172		20	19
140		54		5	13
172		109		11	10
101		109		7	2
81		163		8	4
140		114		10	14
92		69		9	14
151		172		10	17
101		53		10	6
38		46		11	15
127		185		8	15
154		123		3	6
47		175		1	6
182		81		3	0
81		154		17	11
191		140		7	10
123		4		11	6
110		151		5	8
7		191		10	3
9		109		0	4
67		19		14	15
109		66		7	9
81		175		13	19
67		159		13	5
66		101		8	15
163		4		4	7
7		140		7	3
139		54		6	0
114		191		11	14
149		46		5	10
7		185		11	2
123		109		14	3
53		163		11	15
92		170		2	15
54		170		9	4
38		149		6	4
140		7		2	4
110		46		3	11
146		101		7	8
139		51		13	5
19		46		18	19
78		123		3	1
70		140		18	12
19		147		3	12
137		154		13	19
114		149		10	5
147		47		16	15
109		81		4	6
172		176		1	3
61		174		11	8
47		92		9	3
170		185		6	10
54		159		16	10
67		127		16	15
66		114		6	11
137		28		3	2
139		149		11	14
53		70		5	11
9		182		16	18
137		66		3	1
67		46		3	9
67		7		5	11
123		175		12	13
67		191		6	12
25		47		8	3
70		114		6	3
81		110		15	7
4		140		5	2
101		140		16	14
38		61		13	20
139		159		13	10
151		61		4	6
19		137		19	20
53		7		13	18
46		67		7	4
46		114		14	4
176		170		2	17
101		137		9	8
101		123		4	5
149		28		4	3
25		175		9	14
54		69		8	7
172		137		1	3
66		67		12	10
67		101		3	7
127		114		3	7
174		54		6	7
92		185		6	9
147		139		8	14
140		47		9	4
146		146		6	7
69		99		4	5
19		174		11	8
170		53		15	9
61		70		18	14
99		70		4	10
149		81		10	16
38		4		6	5
172		147		1	3
7		99		8	9
163		174		13	17
47		53		9	16
123		67		9	10
137		46		9	16
146		51		6	2
78		70		9	5
109		101		10	19
25		123		7	0
154		101		13	18
67		114		20	11
114		81		18	10
154		46		2	14
7		175		3	4
139		139		7	5
163		38		11	14
19		182		6	8
66		66		7	2
28		154		15	16
191		114		3	1
28		147		6	9
137		4		10	5
151		185		11	12
67		159		13	7
92		25		3	5
182		139		1	8
25		151		10	9
54		7		15	18
92		172		1	5
176		81		9	13
109		78		17	15
151		78		12	4
127		61		4	3
61		172		17	7
139		53		9	7
174		9		19	15
69		146		2	3
154		70		3	0
70		53		2	4
140		172		2	5
114		51		16	3
174		78		9	11
163		185		0	5
146		92		4	0
110		140		3	9
51		78		0	6
191		149		9	7
114		182		7	4
81		151		11	6
61		92		4	2
78		99		13	3
54		67		14	13
170		172		17	10
51		99		2	10
69		54		17	18
175		9		6	2
61		172		7	4
175		149		19	20
175		92		5	1
174		53		12	11
185		46		6	4
28		66		3	4
54		123		4	1
109		54		9	17
99		140		7	14
51		67		4	5
7		38		10	9
175		149		8	14
70		146		16	6
149		149		4	8
92		67		3	7
67		54		0	3
185		66		12	8
101		191		4	8
154		81		2	4
54		191		4	3
146		163		15	13
137		7		15	14
99		149		16	14
4		47		14	20
25		54		1	6
185		99		7	2
147		69		13	11
38		174		17	18
163		163		9	7
47		176		20	19
149		70		17	18
159		78		3	20
81		9		17	10
137		54		9	19
81		176		11	17
174		38		12	9
191		110		8	2
172		61		8	12
170		78		7	0
66		176		20	15
61		170		6	5
67		99		12	8
69		9		7	0
159		146		20	18
81		54		16	17
46		174		2	4
78		172		18	11
70		81		6	8
25		99		18	15
66		149		12	1
127		185		9	15
7		78		2	8
154		123		3	8
4		28		5	0
28		114		7	18
25		176		15	12
185		53		9	4
154		149		11	14
25		163		11	5
154		66		7	16
139		109		6	4
140		146		6	5
123		172		18	8
46		174		1	7
114		163		12	10
19		139		2	4
172		9		12	9
140		172		6	3
53		61		10	11
81		149		20	6
28		182		8	9
25		67		19	11
149		66		20	12
154		4		5	1
140		25		10	17
47		70		12	17
19		172		14	13
67		9		7	8
110		175		9	12
61		78		20	9
140		51		20	6
170		109		14	10
151		123		2	3
149		70		4	2
81		101		4	5
182		9		6	7
47		163		6	2
7		191		16	7
38		92		13	15
66		101		1	7
110		139		8	9
185		51		20	14
101		172		11	6
159		114		2	8
109		140		9	5
70		19		9	6
28		81		9	16
139		163		18	4
191		182		3	2
174		127		11	4
185		174		15	8
46		25		2	4
109		147		7	9
185		114		7	1
185		101		14	16
28		175		0	7
170		38		5	16
9		81		2	16
170		70		18	20
140		163		14	18
147		7		16	14
154		25		13	19
81		92		6	1
172		147		4	11
170		174		10	8
176		7		7	9
127		69		15	18
66		139		10	9
114		110		15	16
67		174		9	14
185		51		14	4
137		70		20	13
66		66		15	8
46		25		8	13
101		101		4	3
149		175		15	16
175		149		3	0
81		137		10	8
151		66		6	12
4		151		17	12
81		151		18	15
19		146		4	6
78		127		5	4
139		47		19	11
54		139		17	20
140		175		17	13
101		139		8	6
151		191		5	6
172		70		8	10
69		123		8	4
174		185		12	11
174		92		13	9
47		92		11	9
70		67		9	2
53		46		16	12
19		174		13	6
147		137		8	12
99		139		6	8
19		51		8	3
172		53		18	20
137		92		19	11
110		123		19	20
28		9		3	1
61		19		14	5
101		154		18	11
110		101		4	3
149		47		14	16
176		47		4	8
146		147		16	13
53		110		18	10
140		38		10	11
47		47		15	10
46		101		15	12
53		51		16	2
163		25		9	12
54		25		1	4
174		7		8	14
176		81		12	19
185		51		4	1
61		109		4	3
170		7		18	17
182		151		1	5
159		7		7	13
110		28		17	8
101		146		4	2
19		19		7	9
147		99		17	8
170		92		4	1
25		127		10	12
174		147		6	7
172		176		10	16
146		46		13	18
19		38		2	3
170		140		4	3
109		149		17	16
109		182		20	7
51		53		2	10
78		191		15	13
99		139		9	20
9		25		3	6
172		19		19	16
110		151		5	8
140		151		3	7
54		69		5	1
170		25		17	15
101		99		3	5
109		38		10	6
127		137		20	19
127		110		2	7
149		69		12	3
110		174		14	15
7		28		13	11
114		109		10	1
54		54		9	13
47		151		7	4
163		19		12	16
146		147		8	15
149		137		7	4
163		67		13	10
78		146		14	13
139		38		13	7
185		28		4	1
53		61		11	10
159		78		13	18
19		81		5	4
147		163		19	16
99		172		20	18
25		19		0	3
163		54		16	17
51		185		2	7
159		109		3	4
101		101		15	13
4		159		9	5
110		53		11	19
61		46		1	4
170		25		5	6
25		159		9	3
191		67		5	3
137		176		19	11
182		81		11	8
159		159		18	11
191		140		13	15
176		163		4	6
114		170		15	14
53		149		10	8
46		7		16	20
123		175		2	4
172		66		13	20
182		81		7	12
176		185		14	17
67		78		8	13
25		38		9	10
110		66		17	8
7		7		4	9
38		191		9	7
185		69		9	4
127		172		5	6
139		78		8	3
67		154		19	20
175		127		16	12
7		176		16	7
151		175		3	4
139		123		17	15
25		7		17	15
51		154		12	19
101		19		9	7
149		163		2	7
46		140		12	3
7		46		12	8
61		151		16	3
191		25		9	5
146		110		4	7
38		92		13	2
28		92		12	9
175		149		4	1
78		114		14	16
69		61		11	13
174		176		10	9
149		159		14	10
47		182		1	3
123		101		2	8
51		54		4	10
46		114		6	9
70		147		5	3
69		163		12	20
66		149		4	1
67		191		1	9
174		182		18	19
61		51		16	14
19		78		4	6
163		191		6	5
51		139		3	11
159		147		4	7
78		163		13	6
99		51		18	8
146		101		2	4
127		182		20	6
28		70		4	14
19		70		20	19
51		92		13	17
159		146		8	10
147		182		8	4
81		170		11	9
25		99		15	10
110		114		14	9
175		38		16	15
172		69		10	5
51		53		10	20
61		137		4	3
146		137		10	5
67		191		1	3
139		191		14	15
109		176		19	17
174		174		0	3
159		154		6	7
149		172		18	17
159		191		6	3
123		159		18	12
182		101		3	4
147		66		15	19
147		47		7	3
69		175		15	18
19		46		10	17
9		25		0	3
139		47		7	5
109		176		9	7
123		172		11	0
174		140		3	7
7		170		19	14
114		175		10	15
147		139		6	7
78		38		12	10
110		137		0	3
146		176		14	16
127		114		7	6
163		70		15	13
114		110		10	9
66		9		9	2
109		170		16	10
191		28		9	5
67		139		3	11
185		170		16	9
54		109		13	20
174		99		13	10
81		154		12	7
185		146		4	6
185		109		14	7
81		146		20	16
101		139		2	10
78		53		17	11
4		51		13	7
4		101		4	5
191		114		17	6
47		78		7	10
149		53		13	12
78		81		13	17
67		185		6	20
25		140		20	18
163		170		8	15
81		101		17	13
19		191		2	4
140		69		1	3
81		182		6	1
19		123		5	11
146		159		5	6
170		163		9	5
109		175		15	17
25		139		2	13
46		139		17	20
51		81		3	8
92		47		10	11
19		137		12	15
38		53		0	4
139		149		3	0
123		67		12	13
99		109		18	19
69		114		1	4
69		92		15	10
70		70		13	9
101		25		12	8
163		147		18	19
7		38		9	11
47		147		11	17
4		185		4	15
154		170		1	3
70		175		3	6
146		70		11	14
46		70		16	13
47		47		4	6
140		110		9	7
109		127		5	6
53		151		7	2
53		38		7	12
25		163		3	5
70		110		3	10
172		38		11	19
185		81		15	18
176		191		5	6
53		81		7	14
114		159		3	2
46		47		17	8
38		38		5	2
163		159		20	18
47		110		7	1
46		92		17	3
101		154		4	3
61		70		10	13
51		163		4	2
81		154		18	8
151		114		5	2
25		140		14	16
66		147		8	9
110		54		10	13
47		66		3	5
78		123		14	7
46		176		19	10
172		47		7	6
51		191		2	6
140		151		4	10
154		127		15	13
38		191		12	11
92		110		5	12
127		182		11	10
127		151		19	13
170		127		20	12
66		99		13	11
137		151		15	9
174		159		11	7
51		53		10	19
191		99		4	9
51		149		11	10
69		174		14	11
146		174		3	8
151		151		9	14
151		172		9	5
127		9		15	14
185		175		9	13
159		185		8	17
154		66		15	20
170		19		10	12
185		81		4	6
175		146		19	18
28		66		14	20
154		47		14	18
7		7		1	6
4		69		7	3
19		151		15	11
185		163		6	0
151		110		13	17
19		54		10	13
159		46		11	14
172		163		3	12
92		53		11	18
110		159		18	10
114		101		16	19
28		174		4	5
139		67		4	0
146		151		13	8
123		70		3	1
170		170		12	11
19		159		10	8
175		25		6	8
54		154		5	2
19		19		2	4
139		99		18	7
38		175		17	15
123		147		19	18
38		191		10	15
47		53		13	8
110		149		2	5
149		191		3	11
28		182		12	14
175		123		11	10
137		81		12	17
140		146		10	17
191		51		15	7
154		176		3	2
174		38		7	8
172		66		2	3
146		110		3	4
46		78		2	3
99		109		9	12
25		137		18	13
101		154		9	4
140		78		9	16
54		163		3	1
114		101		3	6
185		123		11	8
159		172		3	5
28		46		4	10
7		163		5	1
149		182		18	14
175		127		18	15
92		163		19	14
109		185		4	8
101		175		5	3
154		140		7	4
149		47		9	17
19		140		6	10
159		54		12	17
174		19		4	9
146		149		5	2
176		92		8	10
54		154		16	17
172		53		9	14
19		149		5	10
54		110		19	18
191		170		15	11
172		92		5	18
7		47		17	16
4		159		7	6
54		140		13	15
51		19		4	7
127		140		10	11
81		92		6	4
182		38		12	8
123		149		8	15
137		78		7	10
19		151		19	13
151		149		1	3
4		19		4	9
51		191		1	4
81		146		6	5
51		38		3	10
114		151		13	11
174		127		6	17
81		114		13	14
9		110		7	12
53		28		14	5
172		70		11	13
172		53		0	7
185		123		4	6
92		61		8	17
69		28		5	10
92		185		9	12
110		70		9	7
51		146		4	6
78		154		5	11
137		78		11	17
154		92		4	1
61		7		18	13
110		147		9	12
53		172		16	2
123		110		19	16
70		174		20	5
109		146		15	19
137		28		14	9
163		53		5	8
28		139		15	18
110		4		7	5
127		149		11	19
4		53		9	5
191		154		17	16
191		172		3	5
4		140		3	0
61		92		14	10
4		47		8	19
67		54		15	16
53		151		15	13
109		66		8	3
185		101		7	17
170		53		12	11
123		54		12	9
191		7		13	15
185		66		18	6
140		38		9	8
81		172		19	10
46		146		7	3
163		140		3	0
69		61		14	20
176		69		11	10
182		137		11	19
182		99		9	16
170		182		16	11
139		163		11	2
140		139		9	8
151		146		7	2
163		154		13	17
67		9		9	3
109		99		17	19
99		114		12	13
137		154		17	13
25		54		12	14
109		163		13	11
99		182		10	6
163		146		7	3
114		172		3	0
149		81		8	11
28		70		2	7
81		28		5	1
9		163		8	20
127		7		5	18
110		9		3	1
51		51		4	10
163		61		8	12
163		7		8	17
51		19		1	5
175		191		8	6
149		92		6	2
38		185		2	3
46		9		10	1
127		114		10	16
19		127		13	7
78		149		17	9
25		151		8	5
123		182		7	2
137		78		9	20
109		101		11	20
137		114		12	18
147		163		17	18
70		151		10	14
154		81		2	5
47		147		10	11
137		123		16	17
149		28		5	2
54		140		15	4
159		140		7	9
114		54		7	6
78		151		14	20
81		25		18	16
19		185		2	3
101		53		9	2
69		78		6	11
61		151		7	3
53		147		17	15
92		54		4	14
114		101		10	11
170		25		5	7
53		99		10	4
101		185		15	13
139		46		4	6
185		67		14	13
38		7		5	4
185		127		12	7
54		146		16	17
51		174		6	12
25		172		16	4
139		191		20	12
154		67		4	1
185		4		17	10
101		54		5	2
146		154		5	7
66		123		7	3
174		191		16	17
51		123		9	16
140		4		5	6
28		70		1	14
159		175		3	10
139		47		15	5
170		99		3	1
123		154		4	1
182		182		13	15
159		139		5	14
163		54		5	7
127		139		5	19
147		19		11	4
25		109		17	5
7		28		6	2
137		163		7	11
114		185		11	18
163		69		6	4
175		127		11	8
176		67		7	10
114		175		15	13
69		174		5	4
114		99		13	7
38		146		9	1
139		151		8	3
137		185		11	15
101		101		18	6
137		163		5	6
140		151		9	6
53		109		5	4
146		170		7	10
70		9		14	10
114		66		18	20
61		127		10	4
53		99		16	9
19		154		12	7
109		154		13	6
7		9		10	5
127		109		10	17
176		182		15	10
149		172		8	6
151		101		15	7
114		47		15	16
19		70		5	4
123		185		6	2
47		176		5	7
7		61		3	5
147		110		4	2
175		172		5	2
7		140		13	14
7		38		10	17
51		53		0	3
19		81		6	5
53		99		19	14
139		53		2	5
159		28		18	14
101		109		1	4
61		159		4	1
92		163		9	15
46		38		6	13
53		110		8	14
47		185		11	7
25		38		2	4
61		110		7	11
140		70		5	7
170		170		16	11
191		174		0	6
182		127		9	6
151		185		7	6
69		149		7	6
69		185		5	7
7		151		12	13
66		146		6	10
191		67		10	11
114		151		8	5
67		4		4	2
174		78		10	13
154		114		15	18
174		175		17	11
170		123		3	8
154		46		4	17
25		182		6	5
170		163		8	1
9		4		1	10
25		172		20	12
127		69		4	12
154		9		16	6
101		123		4	6
151		110		11	14
7		175		2	4
149		70		7	2
101		92		17	15
191		154		17	12
54		53		4	2
92		146		3	7
139		114		8	2
174		67		20	18
110		69		11	19
149		137		19	7
70		146		5	6
182		123		4	5
163		4		15	6
163		4		7	6
137		70		16	15
137		47		16	20
9		140		9	19
61		170		8	4
146		101		12	8
53		176		20	13
78		67		3	2
54		28		4	2
54		123		11	6
92		54		14	15
67		149		0	4
137		92		19	18
175		170		4	5
172		19		5	9
70		53		8	10
172		101		7	16
78		69		9	1
182		81		6	9
151		67		14	5
140		69		7	1
159		114		13	14
149		47		16	13
176		172		4	2
51		149		4	8
175		182		9	4
174		154		10	2
47		67		10	6
53		19		17	10
149		123		8	14
109		53		19	20
92		25		0	9
92		9		14	9
99		9		10	7
99		51		6	10
137		110		15	9
38		174		17	20
174		47		10	12
78		151		6	15
154		182		10	6
114		149		5	16
151		185		7	10
51		70		3	10
139		9		13	6
159		4		9	8
67		147		5	9
70		19		15	13
99		137		13	6
154		67		9	8
19		92		4	0
7		69		8	7
175		182		6	7
139		54		10	13
51		67		9	8
149		61		14	12
172		175		1	4
66		147		9	15
69		109		9	10
170		81		12	9
19		139		10	20
149		146		7	5
149		185		3	6
151		185		9	14
4		53		5	1
46		151		7	3
25		139		12	8
174		66		12	6
46		109		19	7
78		38		6	0
38		81		2	4
149		101		12	9
47		175		12	13
137		139		6	8
185		163		16	5
127		7		10	20
38		172		20	10
67		185		9	20
109		159		7	5
46		51		8	2
109		7		6	15
176		109		20	14
81		70		20	10
127		146		12	16
137		109		3	5
67		78		10	19
175		81		12	6
175		139		11	10
110		69		13	10
78		191		14	9
99		47		0	3
47		69		14	11
81		140		4	6
114		175		2	5
151		78		8	10
114		25		0	4
174		159		15	11
176		9		11	5
182		114		20	14
127		92		12	3
163		110		12	16
47		127		19	9
175		61		10	15
191		140		14	13
47		4		5	4
170		140		16	10
28		147		4	1
110		70		8	17
151		191		13	8
127		19		11	9
9		81		0	9
159		67		3	5
191		54		5	8
123		61		11	10
28		146		6	12
101		101		3	4
146		114		15	12
182		61		9	18
146		38		0	4
101		61		8	3
151		110		15	10
101		140		17	14
146		151		7	3
78		7		12	15
81		99		15	11
146		147		12	18
146		19		5	4
66		149		9	14
54		163		16	14
185		159		5	8
123		99		4	2
69		78		4	20
38		123		9	8
54		53		6	9
78		38		17	18
92		139		6	15
81		170		7	6
114		191		13	6
7		159		8	6
109		147		9	5
46		185		6	9
7		154		17	14
146		92		18	8
182		92		4	9
78		172		19	9
19		101		3	7
123		146		10	8
46		7		2	4
101		127		11	3
92		4		6	3
139		140		10	6
185		99		8	9
81		61		13	9
110		51		8	3
99		109		5	9
140		146		5	2
67		78		4	6
127		163		5	7
